version https://git-lfs.github.com/spec/v1
oid sha256:f1649be13a9f0cce0835076e75c5c5f9830663738160ec6cf924076fafcef01a
size 4330
