version https://git-lfs.github.com/spec/v1
oid sha256:5278d6c1a30ebda01036f062f3ca9fec849d657e4ade2ea8df69de5cab1c8529
size 4360
